6.895210456614401018e+00
7.459657720490997512e+00
6.728325508388818044e+00
8.092216127059039366e+00
7.936344039206411516e+00
6.471967000587314445e+00
8.080902313484864763e+00
7.099996237193836990e+00
7.744361821342916841e+00
7.073918122871249103e+00
8.505098633906420957e+00
7.047600809265585298e+00
6.102399215978734581e+00
6.889655698748195611e+00
7.767147075896168928e+00
8.541987863241457646e+00
6.858069644254796593e+00
6.914676102937436397e+00
7.380894122170467142e+00
7.699248043929829421e+00
7.966460863749186494e+00
6.938975862428254260e+00
7.880940313432730271e+00
6.847345225951251280e+00
7.273080129249423820e+00
7.315923935058069816e+00
6.512158239589018294e+00
7.735680296140558632e+00
7.534816684676151510e+00
6.147299012717078348e+00
6.344234762238521341e+00
6.478472938724593178e+00
7.407721164179783102e+00
6.959487861278010001e+00
